Time (ms)
950
945
938
974
982
994
983
1019
1019
1067
1018
999
1039
1006
1054
1007
1006
1054
1074
1120
1142
1174
1208
1232
1187
1158
1121
1129
1143
1159
1185
1185
1158
1180
1165
1144
1109
1108
1146
1156
1149
1124
1107
1088
1047
1063
1075
1056
1090
1094
1094
1100
1081
1064
1064
1078
1029
998
979
944
905
921
910
905
890
918
897
890
859
905
911
884
835
843
800
777
752
731
684
653
687
680
712
685
684
637
604
587
584
581
625
671
699
699
703
698
695
731
779
823
812
828
830
807
819
802
787
778
804
822
783
815
853
808
816
820
783
742
715
684
718
738
756
707
745
722
703
658
706
726
707
662
631
667
658
627
669
711
737
700
728
681
701
674
696
667
656
653
677
644
625
586
561
550
588
579
623
665
677
717
702
683
650
664
619
659
610
654
609
609
639
590
553
520
487
456
474
445
396
353
399
447
400
371
391
390
396
353
389
340
342
366
388
373
413
443
412
456
443
443
426
383
380
343
304
348
315
353
340
380
416
389
405
400
391
413
443
410
450
415
435
483
446
482
524
495
466
476
518
520
507
492
538
574
622
652
619
616
603
607
580
579
597
645
647
689
717
696
712
732
772
727
775
821
847
808
834
793
758
715
684
655
677
721
680
665
620
613
584
579
621
625
651
648
605
653
616
650
658
651
632
676
708
750
745
732
770
731
735
734
695
713
664
712
687
674
635
624
630
629
622
634
625
624
640
633
649
630
585
564
519
480
463
503
525
539
541
575
581
542
584
624
581
558
515
468
490
461
428
399
398
440
468
443
447
422
403
392
408
420
438
395
441
483
487
507
545
526
521
557
534
503
505
525
500
453
416
456
458
437
459
493
490
447
469
497
527
527
563
611
643
606
563
526
566
541
492
491
444
423
422
462
425
431
439
436
399
352
327
298
277
291
258
292
336
346
386
400
385
431
398
446
443
485
485
476
437
410
363
369
417
398
446
415
372
359
310
350
390
375
350
303
274
302
267
266
249
285
242
268
276
302
302
267
287
315
276
231
253
218
258
247
271
291
280
288
334
340
356
351
395
399
364
325
365
324
368
325
278
304
328
350
307
335
381
336
295
270
284
277
244
201
182
161
148
148
190
232
252
258
266
268
251
236
189
221
229
182
184
230
274
286
285
325
343
363
409
406
408
389
370
361
379
342
337
304
285
327
324
328
360
386
369
330
360
347
322
360
327
300
271
256
219
184
165
211
206
163
130
129
155
126
164
127
133
120
79
74
65
91
137
114
83
95
127
96
81
101
88
88
122
156
121
153
163
136
150
186
210
185
209
172
206
242
207
209
204
248
282
294
273
258
296
308
293
260
249
202
222
179
215
227
194
175
130
99
123
149
181
223
263
305
290
318
340
327
292
275
254
278
267
264
308
259
303
347
353
342
368
339
349
349
381
380
410
397
397
411
392
408
359
359
369
381
364
396
371
346
321
341
332
370
331
308
291
313
296
306
291
274
284
263
256
211
245
210
193
207
178
133
149
108
61
42
54
25
63
20
-13
23
-2
30
74
112
103
56
41
36
35
10
-1
39
20
-13
1
41
0
46
37
39
8
12
9
51
65
40
11
-24
0
-17
5
51
16
30
9
-40
-69
-27
-68
-50
-89
-92
-129
-97
-75
-108
-147
-103
-71
-61
-98
-119
-144
-122
-76
-89
-138
-159
-182
-172
-162
-134
-110
-149
-190
-207
-163
-145
-148
-169
-186
-144
-104
-62
-14
24
32
-1
15
-4
6
5
0
30
50
1
23
71
62
70
110
154
151
191
211
194
210
216
218
209
215
196
161
124
124
154
111
115
115
82
55
79
46
-1
-2
32
62
98
53
16
30
9
-16
10
7
39
81
111
62
55
46
17
-2
28
-19
-36
-77
-94
-101
-148
-116
-127
-85
-130
-159
-145
-156
-201
-224
-253
-225
-234
-263
-292
-333
-376
-423
-409
-383
-355
-331
-358
-389
-436
-457
-415
-415
-458
-432
-426
-404
-423
-399
-440
-459
-476
-476
-519
-477
-471
-447
-476
-481
-524
-508
-515
-556
-518
-549
-570
-530
-524
-508
-513
-554
-548
-589
-630
-671
-696
-733
-695
-742
-751
-778
-770
-748
-732
-751
-798
-843
-850
-897
-863
-898
-945
-911
-952
-926
-878
-854
-859
-849
-886
-915
-926
-947
-915
-942
-914
-951
-972
-964
-981
-945
-917
-946
-916
-914
-870
-893
-936
-943
-929
-885
-855
-835
-844
-883
-896
-901
-944
-965
-935
-905
-934
-951
-962
-991
-959
-976
-964
-938
-918
-904
-943
-974
-1007
-1016
-1008
-1019
-991
-1038
-1000
-970
-952
-981
-981
-965
-917
-918
-947
-996
-958
-965
-945
-982
-940
-938
-969
-951
-933
-889
-865
-835
-815
-777
-753
-762
-779
-802
-823
-791
-802
-847
-815
-850
-812
-859
-819
-797
-832
-790
-750
-740
-787
-769
-790
-803
-755
-764
-795
-844
-849
-807
-834
-832
-837
-797
-820
-865
-894
-886
-846
-842
-849
-845
-856
-834
-818
-829
-825
-850
-840
-818
-835
-813
-832
-812
-837
-844
-802
-762
-781
-796
-811
-834
-796
-772
-742
-749
-760
-795
-834
-867
-892
-868
-842
-842
-867
-833
-864
-913
-914
-957
-937
-917
-913
-922
-941
-935
-905
-877
-890
-876
-915
-932
-922
-892
-911
-950
-973
-955
-949
-968
-1013
-997
-957
-915
-897
-855
-807
-816
-806
-833
-838
-841
-866
-883
-900
-931
-929
-938
-896
-907
-881
-892
-895
-924
-937
-891
-922
-957
-921
-948
-944
-975
-1006
-1047
-1015
-1058
-1044
-1061
-1110
-1110
-1153
-1131
-1087
-1063
-1090
-1133
-1119
-1081
-1126
-1118
-1129
-1083
-1090
-1066
-1077
-1067
-1114
-1149
-1119
-1093
-1128
-1137
-1138
-1130
-1151
-1103
-1122
-1112
-1074
-1087
-1136
-1112
-1161
-1190
-1180
-1219
-1222
-1247
-1254
-1267
-1261
-1276
-1252
-1299
-1340
-1377
-1402
-1415
-1420
-1453
-1498
-1484
-1452
-1422
-1386
-1405
-1359
-1386
-1384
-1378
-1338
-1292
-1290
-1297
-1279
-1290
-1290
-1337
-1309
-1303
-1257
-1249
-1254
-1259
-1229
-1183
-1192
-1174
-1207
-1210
-1245
-1260
-1240
-1249
-1205
-1210
-1178
-1134
-1147
-1133
-1166
-1203
-1252
-1214
-1229
-1225
-1232
-1247
-1209
-1191
-1234
-1218
-1227
-1246
-1202
-1251
-1249
-1227
-1240
-1271
-1229
-1272
-1317
-1328
-1280
-1248
-1242
-1206
-1194
-1241
-1268
-1252
-1301
-1338
-1322
-1310
-1315
-1348
-1385
-1432
-1384
-1417
-1464
-1438
-1469
-1449
-1452
-1442
-1410
-1392
-1439
-1423
-1415
-1424
-1384
-1364
-1381
-1373
-1345
-1309
-1295
-1265
-1286
-1311
-1269
-1304
-1339
-1291
-1304
-1280
-1234
-1259
-1288
-1244
-1236
-1188
-1158
-1171
-1137
-1131
-1109
-1150
-1106
-1100
-1135
-1136
-1134
-1092
-1127
-1130
-1137
-1172
-1152
-1140
-1165
-1182
-1213
-1242
-1208
-1174
-1140
-1167
-1174
-1174
-1217
-1213
-1222
-1182
-1195
-1185
-1161
-1176
-1158
-1159
-1111
-1095
-1067
-1096
-1125
-1099
-1136
-1145
-1172
-1148
-1165
-1202
-1184
-1176
-1150
-1150
-1199
-1234
-1237
-1229
-1209
-1252
-1271
-1231
-1213
-1199
-1236
-1234
-1245
-1243
-1288
-1335
-1368
-1352
-1385
-1349
-1380
-1362
-1360
-1373
-1396
-1380
-1399
-1367
-1367
-1388
-1409
-1440
-1396
-1437
-1395
-1412
-1413
-1407
-1399
-1446
-1412
-1396
-1413
-1446
-1463
-1476
-1477
-1498
-1547
-1574
-1550
-1591
-1551
-1505
-1536
-1555
-1572
-1601
-1585
-1539
-1568
-1607
-1634
-1620
-1590
-1578
-1625
-1587
-1604
-1625
-1656
-1622
-1618
-1639
-1609
-1642
-1620
-1576
-1530
-1563
-1535
-1529
-1497
-1534
-1488
-1495
-1449
-1492
-1482
-1434
-1461
-1431
-1452
-1475
-1514
-1474
-1499
-1465
-1435
-1458
-1426
-1406
-1376
-1379
-1398
-1425
-1470
-1436
-1441
-1415
-1381
-1412
-1366
-1415
-1460
-1420
-1465
-1474
-1438
-1485
-1467
-1478
-1511
-1528
-1563
-1519
-1479
-1512
-1531
-1568
-1552
-1559
-1529
-1574
-1593
-1606
-1617
-1646
-1632
-1632
-1643
-1597
-1616
-1653
-1635
-1599
-1551
-1574
-1548
-1506
-1488
-1460
-1436
-1418
-1449
-1452
-1501
-1463
-1490
-1442
-1418
-1388
-1393
-1394
-1423
-1379
-1404
-1380
-1423
-1458
-1436
-1398
-1435
-1399
-1412
-1461
-1492
-1519
-1560
-1538
-1536
-1498
-1472
-1462
-1436
-1428
-1435
-1411
-1389
-1365
-1380
-1370
-1379
-1331
-1325
-1374
-1389
-1357
-1341
-1305
-1344
-1369
-1376
-1376
-1419
-1464
-1465
-1508
-1551
-1576
-1566
-1546
-1500
-1456
-1434
-1428
-1463
-1484
-1533
-1550
-1583
-1594
-1621
-1658
-1685
-1720
-1753
-1798
-1803
-1755
-1737
-1725
-1732
-1779
-1782
-1746
-1720
-1696
-1696
-1696
-1658
-1681
-1686
-1695
-1744
-1730
-1716
-1692
-1654
-1695
-1655
-1674
-1707
-1738
-1739
-1705
-1665
-1623
-1599
-1636
-1671
-1700
-1668
-1632
-1661
-1635
-1660
-1642
-1687
-1700
-1660
-1658
-1630
-1639
-1640
-1671
-1708
-1727
-1756
-1781
-1767
-1741
-1780
-1762
-1765
-1759
-1796
-1748
-1761
-1806
-1804
-1825
-1844
-1869
-1882
-1874
-1864
-1828
-1865
-1874
-1909
-1905
-1918
-1955
-2000
-1990
-2005
-1959
-1951
-1933
-1929
-1936
-1943
-1990
-2015
-2007
-2044
-2022
-2049
-2082
-2119
-2091
-2075
-2045
-2017
-2011
-2024
-2049
-2096
-2050
-2016
-1982
-2025
-2021
-1983
-1937
-1915
-1867
-1900
-1937
-1905
-1905
-1936
-1955
-1972
-1991
-2024
-2033
-2017
-2038
-2085
-2098
-2103
-2071
-2080
-2123
-2126
-2092
-2105
-2116
-2098
-2139
-2125
-2115
-2085
-2130
-2165
-2135
-2131
-2085
-2041
-2082
-2085
-2094
-2092
-2109
-2091
-2071
-2037
-2066
-2083
-2047
-2021
-1981
-2004
-2005
-1999
-2036
-2081
-2051
-2003
-2001
-1965
-1988
-1966
-1999
-2002
-1976
-1944
-1918
-1947
-1941
-1964
-1989
-1951
-1958
-1959
-1925
-1932
-1886
-1874
-1874
-1881
-1930
-1933
-1940
-1985
-2030
-2004
-2043
-2086
-2095
-2063
-2049
-2015
-1995
-2014
-1966
-1964
-1924
-1927
-1928
-1971
-1945
-1917
-1952
-1977
-1982
-1964
-1934
-1979
-1963
-1949
-1949
-1913
-1907
-1905
-1922
-1874
-1897
-1938
-1898
-1850
-1840
-1792
-1750
-1763
-1725
-1742
-1767
-1796
-1835
-1833
-1838
-1843
-1839
-1805
-1793
-1781
-1749
-1786
-1746
-1793
-1806
-1821
-1826
-1845
-1848
-1849
-1898
-1909
-1877
-1894
-1899
-1885
-1928
-1941
-1907
-1891
-1916
-1945
-1929
-1930
-1975
-1975
-1953
-1994
-1986
-1999
-1951
-1958
-1997
-2038
-1996
-1962
-2009
-1995
-2042
-2073
-2076
-2081
-2051
-2011
-1981
-1941
-1966
-1979
-1975
-2006
-1984
-2015
-2048
-2089
-2098
-2072
-2087
-2049
-2029
-2003
-2012
-2049
-2082
-2058
-2024
-2006
-2025
-1991
-2036
-2026
-2020
-2014
-1982
-2021
-2015
-2064
-2107
-2110
-2135
-2138
-2177
-2214
-2188
-2235
-2191
-2240
-2210
-2198
-2229
-2205
-2187
-2145
-2143
-2160
-2161
-2149
-2111
-2109
-2122
-2147
-2135
-2164
-2177
-2157
-2109
-2144
-2142
-2161
-2143
-2113
-2067
-2088
-2042
-2018
-2006
-2053
-2037
-2052
-2046
-2042
-2085
-2118
-2074
-2052
-2046
-2022
-2047
-2045
-2080
-2093
-2118
-2129
-2121
-2107
-2071
-2104
-2062
-2087
-2134
-2090
-2068
-2097
-2120
-2100
-2080
-2107
-2120
-2165
-2119
-2085
-2041
-2041
-2005
-2052
-2044
-2061
-2068
-2099
-2077
-2120
-2086
-2076
-2072
-2093
-2118
-2135
-2103
-2122
-2169
-2165
-2125
-2115
-2085
-2053
-2025
-2056
-2059
-2062
-2054
-2038
-2039
-2037
-2042
-2043
-2021
-2070
-2113
-2158
-2114
-2080
-2089
-2100
-2080
-2119
-2077
-2090
-2070
-2081
-2114
-2076
-2066
-2052
-2083
-2069
-2096
-2094
-2088
-2093
-2134
-2134
-2120
-2080
-2101
-2089
-2069
-2094
-2062
-2048
-2063
-2090
-2084
-2050
-2095
-2122
-2096
-2111
-2095
-2116
-2070
-2111
-2136
-2098
-2125
-2132
-2110
-2117
-2146
-2173
-2208
-2215
-2187
-2208
-2198
-2190
-2174
-2130
-2130
-2155
-2133
-2146
-2122
-2082
-2105
-2130
-2175
-2163
-2123
-2077
-2039
-2046
-2004
-2007
-1975
-2018
-1988
-2001
-2012
-2015
-1981
-1973
-1953
-2002
-1974
-1952
-1910
-1917
-1924
-1876
-1872
-1844
-1877
-1871
-1847
-1827
-1872
-1844
-1836
-1832
-1826
-1798
-1794
-1780
-1787
-1822
-1871
-1912
-1876
-1846
-1836
-1828
-1855
-1876
-1866
-1852
-1855
-1849
-1892
-1850
-1851
-1868
-1854
-1832
-1830
-1828
-1816
-1857
-1880
-1844
-1889
-1869
-1855
-1813
-1838
-1849
-1870
-1836
-1836
-1794
-1839
-1803
-1814
-1776
-1809
-1814
-1827
-1828
-1875
-1873
-1908
-1919
-1875
-1884
-1850
-1848
-1873
-1876
-1828
-1804
-1809
-1799
-1793
-1812
-1778
-1805
-1803
-1761
-1768
-1748
-1710
-1700
-1723
-1709
-1716
-1714
-1698
-1727
-1721
-1705
-1742
-1775
-1755
-1721
-1722
-1741
-1719
-1756
-1746
-1722
-1755
-1751
-1713
-1760
-1736
-1696
-1725
-1719
-1742
-1767
-1770
-1811
-1822
-1778
-1787
-1763
-1808
-1837
-1860
-1893
-1879
-1837
-1840
-1804
-1853
-1819
-1787
-1761
-1780
-1781
-1806
-1811
-1797
-1771
-1765
-1788
-1762
-1797
-1787
-1794
-1754
-1759
-1749
-1741
-1750
-1710
-1676
-1711
-1728
-1682
-1662
-1681
-1686
-1678
-1662
-1697
-1677
-1641
-1595
-1618
-1580
-1605
-1654
-1632
-1610
-1645
-1692
-1733
-1774
-1742
-1708
-1753
-1794
-1825
-1779
-1780
-1738
-1779
-1790
-1742
-1761
-1733
-1729
-1744
-1720
-1690
-1697
-1708
-1729
-1685
-1665
-1655
-1637
-1631
-1668
-1628
-1641
-1593
-1602
-1574
-1615
-1640
-1689
-1718
-1761
-1733
-1701
-1706
-1664
-1681
-1724
-1749
-1727
-1703
-1708
-1688
-1664
-1648
-1651
-1660
-1632
-1671
-1698
-1666
-1622
-1641
-1603
-1650
-1669
-1661
-1655
-1696
-1662
-1658
-1632
-1665
-1647
-1601
-1624
-1671
-1706
-1676
-1715
-1736
-1741
-1721
-1713
-1681
-1635
-1656
-1626
-1590
-1621
-1628
-1596
-1590
-1552
-1599
-1620
-1661
-1633
-1682
-1689
-1706
-1702
-1692
-1670
-1626
-1633
-1589
-1600
-1611
-1648
-1634
-1649
-1635
-1625
-1638
-1685
-1661
-1655
-1690
-1646
-1612
-1606
-1584
-1558
-1530
-1557
-1578
-1589
-1573
-1555
-1515
-1495
-1447
-1476
-1481
-1510
-1468
-1497
-1493
-1487
-1469
